//-------------------------------------
// ●固定キャラ
// １面　さつき
// ４面　白レン
// ８面　ダミアンアーミー
// ９面　ネコアルク
//-------------------------------------
// 出現禁止キャラ：翡翠＆琥珀、琥珀
// 巡回タイプ：不思議の国の翡翠

7 // テーブル数

9 // ステージ数
// キャラ番号､BG番号､ゲージ無限､予備､スクリプト有無、カメラ移動有無
17, 25, 0, 0,  0, 0 //  ●さつき:25（シナリオ予約）
22, 20, 0, 0, -1, 0 //  青子:20
15, 04, 0, 0, -1, 0 //  七夜:4
23, 19, 0, 0,  0, 1 //  ●白レン:19（シナリオ予約）
28, 26, 0, 0, -1, 0 //  軋間:26
02, 36, 0, 0, -1, 0 //  シエル:36
13, 06, 0, 0, -1, 0 //  赤主秋葉:6
25, 32, 0, 0,  0, 0 //  ●ダミアンアーミー:32（シナリオ予約）※暫定的にネコアルクカオスを表示
20, 23, 0, 0,  0, 1 //  ●ネコアルク:23（シナリオ予約）
                
9               
17, 25, 0, 0,  0, 0 //  ●さつき:25（シナリオ予約）
00, 46, 0, 0, -1, 0 //  シオン:46
12, 13, 0, 0, -1, 0 //  暴走アルクェイド:13
23, 19, 0, 0,  0, 1 //  ●白レン:19（シナリオ予約）
15, 30, 0, 0, -1, 0 //  七夜:30
02, 21, 0, 0, -1, 0 //  シエル:21
31, 40, 0, 0, -1, 0 //  ロア:40　※暫定的に志貴を表示
25, 32, 0, 0,  0, 0 //  ●ダミアンアーミー:32（シナリオ予約）※暫定的にネコアルクカオスを表示
20, 23, 0, 0,  0, 1 //  ●ネコアルク:23（シナリオ予約）
                
9               
17, 25, 0, 0,  0, 0 //  ●さつき:25（シナリオ予約）
31, 40, 0, 0, -1, 0 //  ロア:31　※暫定的に志貴を表示
07, 20, 0, 0, -1, 0 //  志貴:20
23, 19, 0, 0,  0, 1 //  ●白レン:19（シナリオ予約）
13, 04, 0, 0, -1, 0 //  赤主秋葉:4
30, 34, 0, 0, -1, 0 //  リーズバイフェ:34
08, 12, 0, 0, -1, 0 //  都古:12
25, 32, 0, 0,  0, 0 //  ●ダミアンアーミー:32（シナリオ予約）※暫定的にネコアルクカオスを表示
20, 23, 0, 0,  0, 1 //  ●ネコアルク:23（シナリオ予約）
                
9               
17, 25, 0, 0,  0, 0 //  ●さつき:25（シナリオ予約）
09, 07, 0, 0, -1, 0 //  ワラキア:7
14, 22, 0, 0, -1, 0 //  メカヒスイ:22
23, 19, 0, 0,  0, 1 //  ●白レン:19（シナリオ予約）
10, 45, 0, 0, -1, 0 //  ネロ:45
02, 36, 0, 0, -1, 0 //  シエル36
03, 28, 0, 0, -1, 0 //  秋葉:28
25, 32, 0, 0,  0, 0 //  ●ダミアンアーミー:32（シナリオ予約）※暫定的にネコアルクカオスを表示
20, 23, 0, 0,  0, 1 //  ●ネコアルク:23（シナリオ予約）
                
9               
17, 25, 0, 0,  0, 0 //  ●さつき:25（シナリオ予約）
18, 16, 0, 0, -1, 0 //  レン:16
08, 53, 0, 0, -1, 0 //  都古:53
23, 19, 0, 0,  0, 1 //  ●白レン:19（シナリオ予約）
01, 41, 0, 0, -1, 0 //  アルクェイド:41
22, 47, 0, 0, -1, 0 //  青子:47
11, 35, 0, 0, -1, 0 //  Ｖシオン:35
25, 32, 0, 0,  0, 0 //  ●ダミアンアーミー:32（シナリオ予約）※暫定的にネコアルクを表示
20, 23, 0, 0,  0, 1 //  ●ネコアルク:23（シナリオ予約）
             
9               
17, 25, 0, 0,  0, 0 //  ●さつき:25（シナリオ予約）
09, 07, 0, 0, -1, 0 //  ワラキア:7
14, 22, 0, 0, -1, 0 //  メカヒスイ:22
23, 19, 0, 0,  0, 1 //  ●白レン:19（シナリオ予約）
10, 45, 0, 0, -1, 0 //  ネロ:45
02, 36, 0, 0, -1, 0 //  シエル36
29, 28, 0, 0, -1, 0 //  制服秋葉:28
25, 32, 0, 0,  0, 0 //  ●ダミアンアーミー:32（シナリオ予約）※暫定的にネコアルクカオスを表示
20, 23, 0, 0,  0, 1 //  ●ネコアルク:23（シナリオ予約）

9               
17, 25, 0, 0,  0, 0 //  ●さつき:25（シナリオ予約）
18, 16, 0, 0, -1, 0 //  レン:16
08, 53, 0, 0, -1, 0 //  都古:53
23, 19, 0, 0,  0, 1 //  ●白レン:19（シナリオ予約）
01, 41, 0, 0, -1, 0 //  アルクェイド:41
22, 47, 0, 0, -1, 0 //  青子:47
33, 56, 0, 0, -1, 0 //  式:56
25, 32, 0, 0,  0, 0 //  ●ダミアンアーミー:32（シナリオ予約）※暫定的にネコアルクを表示
20, 23, 0, 0,  0, 1 //  ●ネコアルク:23（シナリオ予約）

ED  
