//-------------------------------------
// 固定キャラ…なし
//-------------------------------------
// 出現禁止キャラ：志貴、琥珀、アルク、ワルク
// 巡回タイプ…
// ＧＣＶ→三咲町を一周→ＧＣＶ
// ＧＣＶ→三咲町を一周→ヘルメス撃破

6 // テーブル数

9 // ステージ数
// キャラ番号､BG番号､ゲージ無限､予備､スクリプト有無、カメラ移動有無
20, 23, 0, 0, -1, 0 //  ○ネコ:23
22, 20, 0, 0, -1, 0 //  青子:20
17, 27, 0, 0, -1, 0 //  さつき:27
30, 37, 0, 0,  0, 0 //  ●リーズ:37
31, 40, 0, 0, -1, 0 //  ロア:40
11, 45, 0, 0, -1, 0 //  Ｖシオン:45
09, 35, 0, 0, -1, 0 //  ワラキア:35
19, 40, 0, 0,  0, 0 //  ●完全武装シエル:40
06, 23, 0, 0,  0, 0 //  ●琥珀:23

9               
20, 23, 0, 0, -1, 0 //  ○ネコ:23
25, 22, 0, 0, -1, 0 //  ネコアルクカオス:22
02, 17, 0, 0, -1, 0 //  シエル:17
30, 37, 0, 0,  0, 0 //  ●リーズ:37
00, 01, 0, 0, -1, 0 //  シオン:01
22, 42, 0, 0, -1, 0 //  青子:42
31, 40, 0, 0, -1, 0 //  ロア:40
19, 40, 0, 0,  0, 0 //  ●完全武装シエル:40
06, 23, 0, 0,  0, 0 //  ●琥珀:23

9               
20, 23, 0, 0, -1, 0 //  ○ネコ:23
23, 19, 0, 0, -1, 0 //  白レン:19
28, 41, 0, 0, -1, 0 //  軋間:41
30, 37, 0, 0,  0, 0 //  ●リーズ:37
33, 42, 0, 0, -1, 0 //  式:42
11, 10, 0, 0, -1, 0 //  Ｖシオン:10
17, 27, 0, 0, -1, 0 //  さつき:27
19, 40, 0, 0,  0, 0 //  ●完全武装シエル:40
06, 23, 0, 0,  0, 0 //  ●琥珀:23

9               
20, 23, 0, 0, -1, 0 //  ○ネコ:23
13, 03, 0, 0, -1, 0 //  赤主秋葉:3
31, 40, 0, 0, -1, 0 //  ロア:31
30, 37, 0, 0,  0, 0 //  ●リーズ:37
23, 19, 0, 0, -1, 0 //  白レン:39
11, 29, 0, 0, -1, 0 //  Ｖシオン:45
02, 36, 0, 0, -1, 0 //  シエル:42
19, 40, 0, 0,  0, 0 //  ●完全武装シエル:40
06, 23, 0, 0,  0, 0 //  ●琥珀:23

9               
20, 23, 0, 0, -1, 0 //  ○ネコ:23
08, 53, 0, 0, -1, 0 //  都古:53
18, 16, 0, 0, -1, 0 //  レン:19
30, 37, 0, 0,  0, 0 //  ●リーズ:37
28, 41, 0, 0, -1, 0 //  軋間:41
31, 40, 0, 0, -1, 0 //  ロア:31　
22, 42, 0, 0, -1, 0 //  青子:42
19, 40, 0, 0,  0, 0 //  ●完全武装シエル:40
06, 23, 0, 0,  0, 0 //  ●琥珀:23
             
9                 
20, 23, 0, 0, -1, 0 //  ○ネコ:23
29, 12, 0, 0, -1, 0 //  制服秋葉:3
25, 32, 0, 0, -1, 0 //  ネコアルクカオス:32
30, 37, 0, 0,  0, 0 //  ●リーズ:37
11, 45, 0, 0, -1, 0 //  Ｖシオン:45
02, 21, 0, 0, -1, 0 //  シエル:21
09, 35, 0, 0, -1, 0 //  ワラキア:35
19, 40, 0, 0,  0, 0 //  ●完全武装シエル:40
06, 23, 0, 0,  0, 0 //  ●琥珀:23

ED
