//-------------------------------------
// ●固定キャラ
// １面　ロア
// ４面　さつき
// ８面　ネコアルク
// ９面　メカ＆ネコ
//-------------------------------------
// 出現禁止キャラ：志貴
// 巡回タイプ：昼〜夜の三咲町

7 // テーブル数

9 // ステージ数
// キャラ番号､BG番号､ゲージ無限､予備､スクリプト有無、カメラ移動有無
31, 53, 0, 0, -1, 0 //  ●ロア:31（シナリオ予約）
03, 12, 0, 0, -1, 0 //  秋葉:12
18, 16, 0, 0, -1, 0 //  レン:16
17, 27, 0, 0,  0, 0 //  ●さつき:27（シナリオ予約）
01, 41, 0, 0, -1, 0 //  アルクェイド:41
30, 37, 0, 0, -1, 0 //  リーズバイフェ:37
00, 01, 0, 0, -1, 0 //  シオン:1
20, 23, 0, 2,  0, 0 //  ●ネコアルク:20（シナリオ予約）
34, 31, 0, 0,  0, 0 //  ●メカ＆ネコ:34（シナリオ予約）
                
9               
31, 53, 0, 0, -1, 0 //  ●ロア:31（シナリオ予約）
06, 24, 0, 0, -1, 0 //  琥珀:24
22, 20, 0, 0, -1, 0 //  青子:20
17, 27, 0, 0,  0, 0 //  ●さつき:27（シナリオ予約）
03, 39, 0, 0, -1, 0 //  秋葉:39
02, 08, 0, 0, -1, 0 //  シエル:8
14, 42, 0, 0, -1, 0 //  メカヒスイ:42
20, 23, 0, 2,  0, 0 //  ●ネコアルク:23（シナリオ予約）
34, 31, 0, 0,  0, 0 //  ●メカ＆ネコ:34（シナリオ予約）
                
9               
31, 53, 0, 0, -1, 0 //  ●ロア:31（シナリオ予約）
02, 48, 0, 0, -1, 0 //  シエル:48
04, 24, 0, 0, -1, 0 //  翡翠＆琥珀:24
17, 27, 0, 0,  0, 0 //  ●さつき:27（シナリオ予約）
30, 42, 0, 0, -1, 0 //  リーズバイフェ:42
23, 39, 0, 0, -1, 0 //  白レン:39
22, 47, 0, 0, -1, 0 //  青子:47
20, 23, 0, 2,  0, 0 //  ●ネコアルク:23（シナリオ予約）
34, 31, 0, 0,  0, 0 //  ●メカ＆ネコ:34（シナリオ予約）
                
9               
31, 53, 0, 0, -1, 0 //  ●ロア:31（シナリオ予約）
01, 48, 0, 0, -1, 0 //  アルクェイド:48
30, 24, 0, 0, -1, 0 //  シオン:24
17, 27, 0, 0,  0, 0 //  ●さつき:27（シナリオ予約）
06, 28, 0, 0, -1, 0 //  琥珀:28
02, 01, 0, 0, -1, 0 //  シエル:1
22, 18, 0, 0, -1, 0 //  青子:18
20, 23, 0, 2,  0, 0 //  ●ネコアルク:23（シナリオ予約）
34, 31, 0, 0,  0, 0 //  ●メカ＆ネコ:34（シナリオ予約）
                
9               
31, 53, 0, 0, -1, 0 //  ●ロア:31（シナリオ予約）
22, 20, 0, 0, -1, 0 //  青子:20
03, 12, 0, 0, -1, 0 //  秋葉:12
17, 27, 0, 0,  0, 0 //  ●さつき:27（シナリオ予約）
04, 28, 0, 0, -1, 0 //  翡翠＆琥珀:28
30, 37, 0, 0, -1, 0 //  リーズバイフェ:37
02, 38, 0, 0, -1, 0 //  シエル:38
20, 23, 0, 2,  0, 0 //  ●ネコアルク:23（シナリオ予約）
34, 31, 0, 0,  0, 0 //  ●メカ＆ネコ:34（シナリオ予約）
             
9            
31, 53, 0, 0, -1, 0 //  ●ロア:31（シナリオ予約）
22, 20, 0, 0, -1, 0 //  青子:20
29, 12, 0, 0, -1, 0 //  制服秋葉:12
17, 27, 0, 0,  0, 0 //  ●さつき:27（シナリオ予約）
01, 41, 0, 0, -1, 0 //  アルクェイド:41
30, 37, 0, 0, -1, 0 //  リーズバイフェ:37
00, 01, 0, 0, -1, 0 //  シオン:1
20, 23, 0, 2,  0, 0 //  ●ネコアルク:23（シナリオ予約）
34, 31, 0, 0,  0, 0 //  ●メカ＆ネコ:34（シナリオ予約）
             
9               
31, 53, 0, 0, -1, 0 //  ●ロア:31（シナリオ予約）
01, 48, 0, 0, -1, 0 //  アルクェイド:48
30, 24, 0, 0, -1, 0 //  シオン:24
17, 27, 0, 0,  0, 0 //  ●さつき:27（シナリオ予約）
33, 28, 0, 0, -1, 0 //  式:28
02, 01, 0, 0, -1, 0 //  シエル:1
22, 18, 0, 0, -1, 0 //  青子:18
20, 23, 0, 2,  0, 0 //  ●ネコアルク:23（シナリオ予約）
34, 31, 0, 0,  0, 0 //  ●メカ＆ネコ:34（シナリオ予約）

ED  
