//-------------------------------------
// ●固定キャラ
// １面　ロア
// ４面　都古
// ８面　白レン
// ９面　軋間
//-------------------------------------
// 出現禁止キャラ：
// 巡回タイプ：夜の三咲町

7 // テーブル数

9 // ステージ数
// キャラ番号､BG番号､ゲージ無限､予備､スクリプト有無、カメラ移動有無
31, 28, 0, 0,  0, 1 //  ●ロア:31（シナリオ予約）
06, 05, 0, 0, -1, 0 //  翡翠＆琥珀:5
13, 03, 0, 0, -1, 0 //  赤主秋葉:3
08, 41, 0, 0,  0, 0 //  ●都古:41（シナリオ予約）
17, 17, 0, 0, -1, 0 //  さつき:17
30, 37, 0, 0, -1, 0 //  リーズバイフェ:37
12, 39, 0, 0, -1, 0 //  暴走アルクェイド:39
23, 19, 0, 0,  0, 0 //  ●白レン:19（シナリオ予約）
28, 47, 18, 4,  0, 1 //  ●軋間:47（シナリオ予約） ※BGM１８
                
9               
31, 28, 0, 0,  0, 1 //  ●ロア:31（シナリオ予約）
02, 17, 0, 0, -1, 0 //  シエル:17
11, 38, 0, 0, -1, 0 //  Ｖシオン:38
08, 41, 0, 0,  0, 0 //  ●都古:41（シナリオ予約）
13, 39, 0, 0, -1, 0 //  赤主秋葉:39
07, 01, 0, 0, -1, 0 //  志貴:1
01, 08, 0, 0, -1, 0 //  アルクェイド:8
23, 19, 0, 0,  0, 0 //  ●白レン:19（シナリオ予約）
28, 47, 18, 4,  0, 1 //  ●軋間:47（シナリオ予約） ※BGM１８
                
9               
31, 28, 0, 0,  0, 1 //  ●ロア:31（シナリオ予約）
14, 42, 0, 0, -1, 0 //  メカヒスイ:42
00, 01, 0, 0, -1, 0 //  シオン:1
08, 41, 0, 0,  0, 0 //  ●都古:41（シナリオ予約）
02, 38, 0, 0, -1, 0 //  シエル:38
30, 39, 0, 0, -1, 0 //  リーズバイフェ:39
10, 10, 0, 0, -1, 0 //  ネロ:10
23, 19, 0, 0,  0, 0 //  ●白レン:19（シナリオ予約）
28, 47, 18, 4,  0, 1 //  ●軋間:47（シナリオ予約） ※BGM１８
                
9               
31, 28, 0, 0,  0, 1 //  ●ロア:31（シナリオ予約）
09, 29, 0, 0, -1, 0 //  ワラキア:29
01, 10, 0, 0, -1, 0 //  アルクェイド:10
08, 41, 0, 0,  0, 0 //  ●都古:41（シナリオ予約）
17, 40, 0, 0, -1, 0 //  さつき:40
03, 02, 0, 0, -1, 0 //  秋葉:2
11, 35, 0, 0, -1, 0 //  Ｖシオン:35
23, 19, 0, 0,  0, 0 //  ●白レン:19（シナリオ予約）
28, 47, 18, 4,  0, 1 //  ●軋間:47（シナリオ予約） ※BGM１８
                
9               
31, 28, 0, 0,  0, 1 //  ●ロア:31（シナリオ予約）
10, 08, 0, 0, -1, 0 //  ネロ:8
20, 42, 0, 0, -1, 0 //  ネコアルク:42
08, 41, 0, 0,  0, 0 //  ●都古:41（シナリオ予約）
30, 39, 0, 0, -1, 0 //  リーズバイフェ:39
17, 54, 0, 0, -1, 0 //  さつき:54
22, 17, 0, 0, -1, 0 //  青子:17
23, 19, 0, 0,  0, 0 //  ●白レン:19（シナリオ予約）
28, 47, 18, 4,  0, 1 //  ●軋間:47（シナリオ予約） ※BGM１８
             
9               
31, 28, 0, 0,  0, 1 //  ●ロア:31（シナリオ予約）
09, 29, 0, 0, -1, 0 //  ワラキア:29
01, 10, 0, 0, -1, 0 //  アルクェイド:10
08, 41, 0, 0,  0, 0 //  ●都古:41（シナリオ予約）
17, 40, 0, 0, -1, 0 //  さつき:40
29, 02, 0, 0, -1, 0 //  制服秋葉:2
11, 35, 0, 0, -1, 0 //  Ｖシオン:35
23, 19, 0, 0,  0, 0 //  ●白レン:19（シナリオ予約）
28, 47, 18, 4,  0, 1 //  ●軋間:47（シナリオ予約） ※BGM１８

9               
31, 28, 0, 0,  0, 1 //  ●ロア:31（シナリオ予約）
34, 42, 0, 0, -1, 0 //  ネコ＆メカヒスイ:42
00, 01, 0, 0, -1, 0 //  シオン:1
08, 41, 0, 0,  0, 0 //  ●都古:41（シナリオ予約）
02, 38, 0, 0, -1, 0 //  シエル:38
33, 39, 0, 0, -1, 0 //  式:39
10, 10, 0, 0, -1, 0 //  ネロ:10
23, 19, 0, 0,  0, 0 //  ●白レン:19（シナリオ予約）
28, 47, 18, 4,  0, 1 //  ●軋間:47（シナリオ予約） ※BGM１８

ED           
