//-------------------------------------
// ●固定キャラ
// １面　メカヒスイ
// ４面　志貴
// ８面　ネコアルク
// ９面　琥珀
//-------------------------------------
// 出現禁止キャラ：(赤主)
// 巡回タイプ：夜の三咲町

7 // テーブル数

9 // ステージ数
// キャラ番号､BG番号､ゲージ無限､予備､スクリプト有無、カメラ移動有無
14, 31, 0, 0,  0, 0 //  ●メカヒスイ:14（シナリオ予約）
22, 42, 0, 0, -1, 0 //  青子:39
01, 41, 0, 0, -1, 0 //  アルクェイド:41
07, 39, 0, 0,  0, 0 //  ●志貴:07（シナリオ予約）
23, 19, 0, 0, -1, 0 //  白レン:54
31, 40, 0, 0, -1, 0 //  ロア:31
30, 37, 0, 0, -1, 0 //  リーズバイフェ:30
20, 22, 0, 0,  0, 0 //  ●ネコアルク:20（シナリオ予約）
06, 09, 0, 4,  0, 1 //  ●琥珀:06（シナリオ予約）
             
9            
14, 31, 0, 0,  0, 0 //  ●メカヒスイ:14（シナリオ予約）
17, 17, 0, 0, -1, 0 //  さつき:17
10, 08, 0, 0, -1, 0 //  ネロ:8
07, 39, 0, 0,  0, 0 //  ●志貴:07（シナリオ予約）
02, 38, 0, 0, -1, 0 //  シエル:38
09, 35, 0, 0, -1, 0 //  ワラキア:35
28, 28, 0, 0, -1, 0 //  軋間:28
20, 22, 0, 0,  0, 0 //  ●ネコアルク:20（シナリオ予約）
06, 09, 0, 4,  0, 1 //  ●琥珀:06（シナリオ予約）
             
9            
14, 31, 0, 0,  0, 0 //  ●メカヒスイ:14（シナリオ予約）
10, 10, 0, 0, -1, 0 //  ネロ:10
12, 08, 0, 0, -1, 0 //  暴走アルクェイド:8
07, 39, 0, 0,  0, 0 //  ●志貴:07（シナリオ予約）
17, 17, 0, 0, -1, 0 //  さつき:17
09, 42, 0, 0, -1, 0 //  ワラキア:42
00, 01, 0, 0, -1, 0 //  シオン:1
20, 22, 0, 0,  0, 0 //  ●ネコアルク:20（シナリオ予約）
06, 09, 0, 4,  0, 1 //  ●琥珀:06（シナリオ予約）
             
9            
14, 31, 0, 0,  0, 0 //  ●メカヒスイ:14（シナリオ予約）
03, 28, 0, 0, -1, 0 //  秋葉:12
18, 16, 0, 0, -1, 0 //  レン:16
07, 39, 0, 0,  0, 0 //  ●志貴:07（シナリオ予約）
01, 41, 0, 0, -1, 0 //  アルクェイド:41
31, 40, 0, 0, -1, 0 //  ロア:31
00, 01, 0, 0, -1, 0 //  シオン:1
20, 22, 0, 0,  0, 0 //  ●ネコアルク:20（シナリオ予約）
06, 09, 0, 4,  0, 1 //  ●琥珀:06（シナリオ予約）
             
9            
14, 31, 0, 0,  0, 0 //  ●メカヒスイ:14（シナリオ予約）
22, 42, 0, 0, -1, 0 //  青子:20
03, 08, 0, 0, -1, 0 //  秋葉:12
07, 39, 0, 0,  0, 0 //  ●志貴:07（シナリオ予約）
02, 38, 0, 0, -1, 0 //  シエル:38
23, 19, 0, 0, -1, 0 //  白レン:39
30, 37, 0, 0, -1, 0 //  リーズバイフェ:37
20, 22, 0, 0,  0, 0 //  ●ネコアルク:20（シナリオ予約）
06, 09, 0, 4,  0, 1 //  ●琥珀:06（シナリオ予約）
             
9            
14, 31, 0, 0,  0, 0 //  ●メカヒスイ:14（シナリオ予約）
22, 42, 0, 0, -1, 0 //  青子:20
29, 08, 0, 0, -1, 0 //  制服秋葉:12
07, 39, 0, 0,  0, 0 //  ●志貴:07（シナリオ予約）
02, 38, 0, 0, -1, 0 //  シエル:38
23, 19, 0, 0, -1, 0 //  白レン:39
30, 37, 0, 0, -1, 0 //  リーズバイフェ:37
20, 22, 0, 0,  0, 0 //  ●ネコアルク:20（シナリオ予約）
06, 09, 0, 4,  0, 1 //  ●琥珀:06（シナリオ予約）

9            
14, 31, 0, 0,  0, 0 //  ●メカヒスイ:14（シナリオ予約）
17, 17, 0, 0, -1, 0 //  さつき:17
33, 08, 0, 0, -1, 0 //  式:8
07, 39, 0, 0,  0, 0 //  ●志貴:07（シナリオ予約）
02, 38, 0, 0, -1, 0 //  シエル:38
09, 35, 0, 0, -1, 0 //  ワラキア:35
28, 28, 0, 0, -1, 0 //  軋間:28
20, 22, 0, 0,  0, 0 //  ●ネコアルク:20（シナリオ予約）
06, 09, 0, 4,  0, 1 //  ●琥珀:06（シナリオ予約）

ED
