//-------------------------------------
// ●固定キャラ
// １面　レン
// ４面　志貴
// ８面　シエル
// ９面　アルクェイド
//-------------------------------------
// 出現禁止キャラ：暴走アルクェイド
// 巡回タイプ：夜の三咲町

7 // テーブル数

9 // ステージ数
// キャラ番号､BG番号､ゲージ無限､予備､スクリプト有無、カメラ移動有無
18, 40, 0, 0, -1, 0 //  ●レン:40（シナリオ予約）
13, 05, 0, 0, -1, 0 //  赤主秋葉:5
00, 17, 0, 0, -1, 0 //  シオン:17
07, 47, 0, 0,  0, 0 //  ●志貴:47（シナリオ予約）
14, 08, 0, 0, -1, 0 //  メカヒスイ:8
30, 39, 0, 0, -1, 0 //  リーズバイフェ:39
28, 28, 0, 0, -1, 0 //  軋間:28
02, 40, 0, 0,  0, 0 //  ●シエル:42（シナリオ予約）
01, 18, 0, 4,  0, 1 //  ●アルクェイド:50（シナリオ予約）41からのフェード
                  
9                 
18, 40, 0, 0, -1, 0 //  ●レン:40（シナリオ予約）
28, 38, 0, 0, -1, 0 //  軋間:38
04, 39, 0, 0, -1, 0 //  翡翠＆琥珀:39
07, 47, 0, 0,  0, 0 //  ●志貴:47（シナリオ予約）
00, 37, 0, 0, -1, 0 //  シオン:37
09, 29, 0, 0, -1, 0 //  ワラキア:29
08, 17, 0, 0, -1, 0 //  都古:17
02, 40, 0, 0,  0, 0 //  ●シエル:42（シナリオ予約）
01, 18, 0, 4,  0, 1 //  ●アルクェイド:50（シナリオ予約）41からのフェード
                  
9                 
18, 40, 0, 0, -1, 0 //  ●レン:40（シナリオ予約）
10, 10, 0, 0, -1, 0 //  ネロ:10
03, 28, 0, 0, -1, 0 //  秋葉:28
07, 47, 0, 0,  0, 0 //  ●志貴:47（シナリオ予約）
30, 39, 0, 0, -1, 0 //  リーズバイフェ:39
09, 35, 0, 0, -1, 0 //  ワラキア:35
00, 37, 0, 0, -1, 0 //  シオン:37
02, 40, 0, 0,  0, 0 //  ●シエル:42（シナリオ予約）
01, 18, 0, 4,  0, 1 //  ●アルクェイド:50（シナリオ予約）41からのフェード
                  
9                 
18, 40, 0, 0, -1, 0 //  ●レン:40（シナリオ予約）
11, 28, 0, 0, -1, 0 //  Ｖシオン:28
17, 17, 0, 0, -1, 0 //  さつき:17
07, 47, 0, 0,  0, 0 //  ●志貴:47（シナリオ予約）
08, 38, 0, 0, -1, 0 //  都古:38
30, 37, 0, 0, -1, 0 //  リーズバイフェ:37
13, 01, 0, 0, -1, 0 //  赤主秋葉:1
02, 40, 0, 0,  0, 0 //  ●シエル:42（シナリオ予約）
01, 18, 0, 4,  0, 1 //  ●アルクェイド:50（シナリオ予約）41からのフェード
                  
9                 
18, 40, 0, 0, -1, 0 //  ●レン:40（シナリオ予約）
22, 28, 0, 0, -1, 0 //  青子:28
11, 35, 0, 0, -1, 0 //  Ｖシオン:35
07, 47, 0, 0,  0, 0 //  ●志貴:47（シナリオ予約）
06, 08, 0, 0, -1, 0 //  琥珀:8
10, 10, 0, 0, -1, 0 //  ネロ:10
20, 39, 0, 0, -1, 0 //  ネコアルク:39
02, 40, 0, 0,  0, 0 //  ●シエル:42（シナリオ予約）
01, 18, 0, 4,  0, 1 //  ●アルクェイド:50（シナリオ予約）41からのフェード
                  
9                 
18, 40, 0, 0, -1, 0 //  ●レン:40（シナリオ予約）
10, 10, 0, 0, -1, 0 //  ネロ:10
29, 28, 0, 0, -1, 0 //  制服秋葉:28
07, 47, 0, 0,  0, 0 //  ●志貴:47（シナリオ予約）
30, 39, 0, 0, -1, 0 //  リーズバイフェ:39
09, 35, 0, 0, -1, 0 //  ワラキア:35
00, 37, 0, 0, -1, 0 //  シオン:37
02, 40, 0, 0,  0, 0 //  ●シエル:42（シナリオ予約）
01, 18, 0, 4,  0, 1 //  ●アルクェイド:50（シナリオ予約）41からのフェード

9                 
18, 40, 0, 0, -1, 0 //  ●レン:40（シナリオ予約）
11, 28, 0, 0, -1, 0 //  Ｖシオン:28
17, 17, 0, 0, -1, 0 //  さつき:17
07, 47, 0, 0,  0, 0 //  ●志貴:47（シナリオ予約）
08, 38, 0, 0, -1, 0 //  都古:38
30, 37, 0, 0, -1, 0 //  リーズバイフェ:37
34, 01, 0, 0, -1, 0 //  ネコ＆メカヒスイ:1
02, 40, 0, 0,  0, 0 //  ●シエル:42（シナリオ予約）
01, 18, 0, 4,  0, 1 //  ●アルクェイド:50（シナリオ予約）41からのフェード


ED
