//-------------------------------------
// ●固定キャラ
// １面　Ｖシオン
// ４面　志貴
// ８面　シオン
// ９面　魔王シオン
//-------------------------------------
// 出現禁止キャラ：アルクェイド
// 巡回タイプ：夜の三咲町

5 // テーブル数

9 // ステージ数
// キャラ番号､BG番号､ゲージ無限､予備､スクリプト有無、カメラ移動有無
18, 28, 0, 0, -1, 0 //  レン:12
22, 42, 0, 0, -1, 0 //  青子:20
15, 04, 0, 0, -1, 0 //  七夜:4
10, 10, 0, 0,  0, 0 //  ●ネロ:10（シナリオ予約）
09, 35, 0, 0, -1, 0 //  ワラキア:35
30, 34, 0, 0, -1, 0 //  リーズバイフェ:34
32, 44, 0, 0, -1, 0 //  オシリス:44
23, 19, 0, 0,  0, 0 //  ●白レン:16
07, 47, 0, 4,  0, 0 //  ●志貴:47
                
9               
11, 28, 0, 0, -1, 0 //  Ｖシオン:28
14, 42, 0, 0, -1, 0 //  メカヒスイ42
15, 41, 0, 0, -1, 0 //  七夜:41
10, 10, 0, 0,  0, 0 //  ●ネロ:10（シナリオ予約）
12, 29, 0, 0, -1, 0 //  暴走アルクェイド:35
31, 34, 0, 0, -1, 0 //  ロア:34
32, 44, 0, 0, -1, 0 //  オシリス:44
23, 19, 0, 0,  0, 0 //  ●白レン:16
07, 47, 0, 4,  0, 0 //  ●志貴:47
                
9               
18, 17, 0, 0, -1, 0 //  レン:12
22, 42, 0, 0, -1, 0 //  青子:20
28, 41, 0, 0, -1, 0 //  軋間:41
10, 10, 0, 0,  0, 0 //  ●ネロ:10（シナリオ予約）
17, 38, 0, 0, -1, 0 //  さつき:38
11, 35, 0, 0, -1, 0 //  Ｖシオン:35
32, 44, 0, 0, -1, 0 //  オシリス:44
23, 19, 0, 0,  0, 0 //  ●白レン:16
07, 47, 0, 4,  0, 0 //  ●志貴:47
                
9               
11, 28, 0, 0, -1, 0 //  Ｖシオン:28
02, 17, 0, 0, -1, 0 //  シエル:17
08, 41, 0, 0, -1, 0 //  都古:28
10, 10, 0, 0,  0, 0 //  ●ネロ:10（シナリオ予約）
17, 17, 0, 0, -1, 0 //  さつき:17
30, 34, 0, 0, -1, 0 //  リーズバイフェ:34
32, 44, 0, 0, -1, 0 //  オシリス:44
23, 19, 0, 0,  0, 0 //  ●白レン:16
07, 47, 0, 4,  0, 0 //  ●志貴:47
                
9               
02, 17, 0, 0, -1, 0 //  シエル:29
22, 42, 0, 0, -1, 0 //  青子:20
11, 41, 0, 0, -1, 0 //  Ｖシオン:42
10, 10, 0, 0,  0, 0 //  ●ネロ:10（シナリオ予約）
09, 35, 0, 0, -1, 0 //  ワラキア:35
12, 29, 0, 0, -1, 0 //  暴走アルクェイド:35
32, 44, 0, 0, -1, 0 //  オシリス:44
23, 19, 0, 0,  0, 0 //  ●白レン:16
07, 47, 0, 4,  0, 0 //  ●志貴:47
             
ED           
