//-------------------------------------
// ●固定キャラ
// １面　Ｖシオン
// ４面　志貴
// ８面　シオン
// ９面　魔王シオン
//-------------------------------------
// 出現禁止キャラ：翡翠＆琥珀、赤秋葉、シオン
// 巡回タイプ：夜の三咲町

6 // テーブル数

9 // ステージ数
// キャラ番号､BG番号､ゲージ無限､予備､スクリプト有無、カメラ移動有無
18, 24, 0, 0, -1, 0 //  ●レン:02（シナリオ予約）
22, 20, 0, 0, -1, 0 //  青子:20
10, 10, 0, 0, -1, 0 //  ネロ:10
06, 42, 0, 0,  0, 0 //  ●琥珀:42（シナリオ予約）
08, 53, 0, 0, -1, 0 //  都古:39
07, 21, 0, 0, -1, 0 //  志貴:21
02, 01, 0, 0, -1, 0 //  シエル:1
20, 05, 0, 0,  0, 0 //  ●ネコ・アルク:5
23, 02, 0, 4,  0, 0 //  ●白レン:2
                
9               
18, 24, 0, 0, -1, 0 //  ●レン:02（シナリオ予約）
01, 41, 0, 0, -1, 0 //  アルクェイド:41
07, 21, 0, 0, -1, 0 //  志貴:21
06, 42, 0, 0,  0, 0 //  ●琥珀:42（シナリオ予約）
08, 53, 0, 0, -1, 0 //  都古:39
17, 17, 0, 0, -1, 0 //  さつき:17
10, 08, 0, 0, -1, 0 //  ネロ:8
20, 05, 0, 0,  0, 0 //  ●ネコ・アルク:5
23, 02, 0, 4,  0, 0 //  ●白レン:2
                
9               
18, 24, 0, 0, -1, 0 //  ●レン:02（シナリオ予約）
22, 20, 0, 0, -1, 0 //  青子:20
31, 40, 0, 0, -1, 0 //  ロア:42
06, 42, 0, 0,  0, 0 //  ●琥珀:42（シナリオ予約）
02, 17, 0, 0, -1, 0 //  シエル:17
12, 29, 0, 0, -1, 0 //  暴走アルクェイド:29
07, 21, 0, 0, -1, 0 //  志貴:21
20, 05, 0, 0,  0, 0 //  ●ネコ・アルク:5
23, 02, 0, 4,  0, 0 //  ●白レン:2
                
9               
18, 24, 0, 0, -1, 0 //  ●レン:02（シナリオ予約）
30, 37, 0, 0, -1, 0 //  リーズバイフェ:42
28, 41, 0, 0, -1, 0 //  軋間:41
06, 42, 0, 0,  0, 0 //  ●琥珀:42（シナリオ予約）
07, 21, 0, 0, -1, 0 //  志貴:21
31, 40, 0, 0, -1, 0 //  ロア:42
09, 35, 0, 0, -1, 0 //  ワラキア:35
20, 05, 0, 0,  0, 0 //  ●ネコ・アルク:5
23, 02, 0, 4,  0, 0 //  ●白レン:2
                
9               
18, 24, 0, 0, -1, 0 //  ●レン:02（シナリオ予約）
17, 17, 0, 0, -1, 0 //  さつき:17
01, 41, 0, 0, -1, 0 //  アルクェイド:41
06, 42, 0, 0,  0, 0 //  ●琥珀:42（シナリオ予約）
08, 53, 0, 0, -1, 0 //  都古:39
07, 21, 0, 0, -1, 0 //  志貴:21
09, 35, 0, 0, -1, 0 //  ワラキア:35
20, 05, 0, 0,  0, 0 //  ●ネコ・アルク:5
23, 02, 0, 4,  0, 0 //  ●白レン:2
             
9               
18, 24, 0, 0, -1, 0 //  ●レン:02（シナリオ予約）
33, 17, 0, 0, -1, 0 //  式:17
01, 41, 0, 0, -1, 0 //  アルクェイド:41
06, 42, 0, 0,  0, 0 //  ●琥珀:42（シナリオ予約）
08, 53, 0, 0, -1, 0 //  都古:39
07, 21, 0, 0, -1, 0 //  志貴:21
09, 35, 0, 0, -1, 0 //  ワラキア:35
20, 05, 0, 0,  0, 0 //  ●ネコ・アルク:5
23, 02, 0, 4,  0, 0 //  ●白レン:2

ED           

