//-------------------------------------
// ●固定キャラ
// ４面　ロア
// ８面　リーズバイフェ
// ９面　魔王シオン
//-------------------------------------
// 出現禁止キャラ：シオン、Ｖシオン
// 巡回タイプ：夜の三咲町

7 // テーブル数

9 // ステージ数
// キャラ番号､BG番号､ゲージ無限､予備､スクリプト有無、カメラ移動有無
23, 54, 0, 0, -1, 0 //  白レン:54
15, 17, 0, 0, -1, 0 //  七夜:17
03, 05, 0, 0, -1, 0 //  秋葉:5
31, 40, 0, 0,  0, 0 //  ●ロア:31（シナリオ予約）
22, 28, 0, 0, -1, 0 //  青子:28
10, 08, 0, 0, -1, 0 //  ネロ:8
01, 41, 0, 0, -1, 0 //  アルクェイド:41
30, 34, 0, 0,  0, 0 //  ●リーズバイフェ:34（シナリオ予約）
32, 43, 0, 4,  0, 1 //  ●魔王シオン:40（シナリオ予約）
                  
9                 
18, 54, 0, 0, -1, 0 //  レン:54
07, 08, 0, 0, -1, 0 //  志貴:8
09, 01, 0, 0, -1, 0 //  ワラキア:1
31, 40, 0, 0,  0, 0 //  ●ロア:40（シナリオ予約）
14, 28, 0, 0, -1, 0 //  メカヒスイ:28
13, 38, 0, 0, -1, 0 //  赤主秋葉:38
02, 29, 0, 0, -1, 0 //  シエル:29
30, 34, 0, 0,  0, 0 //  ●リーズバイフェ:34（シナリオ予約）
32, 43, 0, 4,  0, 1 //  ●魔王シオン:40（シナリオ予約）
                  
9                 
20, 54, 0, 0, -1, 0 //  ネコアルク:54
04, 05, 0, 0, -1, 0 //  翡翠＆琥珀:5
28, 28, 0, 0, -1, 0 //  軋間:28
31, 40, 0, 0,  0, 0 //  ●ロア:40（シナリオ予約）
02, 10, 0, 0, -1, 0 //  シエル:10
12, 29, 0, 0, -1, 0 //  暴走アルクェイド:29
09, 35, 0, 0, -1, 0 //  ワラキア:35
30, 34, 0, 0,  0, 0 //  ●リーズバイフェ:34（シナリオ予約）
32, 43, 0, 4,  0, 1 //  ●魔王シオン:40（シナリオ予約）
                  
9                 
10, 54, 0, 0, -1, 0 //  ネロ:54
03, 08, 0, 0, -1, 0 //  秋葉:8
28, 41, 0, 0, -1, 0 //  軋間:41
31, 40, 0, 0,  0, 0 //  ●ロア:31（シナリオ予約）
22, 42, 0, 0, -1, 0 //  青子:42
14, 39, 0, 0, -1, 0 //  メカヒスイ:39
12, 35, 0, 0, -1, 0 //  暴走アルクェイド:35
30, 34, 0, 0,  0, 0 //  ●リーズバイフェ:34（シナリオ予約）
32, 43, 0, 4,  0, 1 //  ●魔王シオン:40（シナリオ予約）
                  
9                 
02, 54, 0, 0, -1, 0 //  シエル:54
05, 17, 0, 0, -1, 0 //  翡翠:17
20, 38, 0, 0, -1, 0 //  ネコアルク:38
31, 40, 0, 0,  0, 0 //  ●ロア:31（シナリオ予約）
28, 42, 0, 0, -1, 0 //  軋間:42
12, 29, 0, 0, -1, 0 //  暴走アルクェイド:29
15, 01, 0, 0, -1, 0 //  七夜:1
30, 34, 0, 0,  0, 0 //  ●リーズバイフェ:34（シナリオ予約）
32, 43, 0, 4,  0, 1 //  ●魔王シオン:40（シナリオ予約）
                  
9                 
10, 54, 0, 0, -1, 0 //  ネロ:54
29, 08, 0, 0, -1, 0 //  制服秋葉:8
28, 41, 0, 0, -1, 0 //  軋間:41
31, 40, 0, 0,  0, 0 //  ●ロア:31（シナリオ予約）
22, 42, 0, 0, -1, 0 //  青子:42
14, 39, 0, 0, -1, 0 //  メカヒスイ:39
12, 35, 0, 0, -1, 0 //  暴走アルクェイド:35
30, 34, 0, 0,  0, 0 //  ●リーズバイフェ:34（シナリオ予約）
32, 43, 0, 4,  0, 1 //  ●魔王シオン:40（シナリオ予約）

9                 
34, 54, 0, 0, -1, 0 //  ネコ＆メカヒスイ:54
04, 05, 0, 0, -1, 0 //  翡翠＆琥珀:5
33, 28, 0, 0, -1, 0 //  式:28
31, 40, 0, 0,  0, 0 //  ●ロア:40（シナリオ予約）
02, 10, 0, 0, -1, 0 //  シエル:10
12, 29, 0, 0, -1, 0 //  暴走アルクェイド:29
09, 35, 0, 0, -1, 0 //  ワラキア:35
30, 34, 0, 0,  0, 0 //  ●リーズバイフェ:34（シナリオ予約）
32, 43, 0, 4,  0, 1 //  ●魔王シオン:40（シナリオ予約）

ED           

