//-------------------------------------
// ●固定キャラ
// １面　シオン
// ４面　暴走アルクェイド
// ８面　リーズバイフェ
// ９面　魔王シオン
//-------------------------------------
// 出現禁止キャラ：シオン、Ｖシオン
// 巡回タイプ：夜の三咲町

7 // テーブル数

9 // ステージ数
// キャラ番号､BG番号､ゲージ無限､予備､スクリプト有無、カメラ移動有無
00, 01, 0, 0,  0, 0 //  ●シオン:1（シナリオ予約）
02, 42, 0, 0, -1, 0 //  シエル:42
10, 08, 0, 0, -1, 0 //  ネロ:8
12, 39, 0, 0,  0, 0 //  ●暴走アルクェイド:39（シナリオ予約）
03, 38, 0, 0, -1, 0 //  秋葉:38
15, 04, 0, 0, -1, 0 //  七夜:4
04, 28, 0, 0, -1, 0 //  翡翠＆琥珀:28
30, 34, 0, 2,  0, 0 //  ●リーズバイフェ:34（シナリオ予約）
32, 44, 0, 4,  0, 1 //  ●魔王シオン:44（シナリオ予約）
                  
9                 
00, 01, 0, 0,  0, 0 //  ●シオン:1（シナリオ予約）
10, 10, 0, 0, -1, 0 //  ネロ:10
17, 54, 0, 0, -1, 0 //  さつき:54
12, 39, 0, 0,  0, 0 //  ●暴走アルクェイド:39（シナリオ予約）
02, 28, 0, 0, -1, 0 //  シエル:28
18, 17, 0, 0, -1, 0 //  レン:17
15, 04, 0, 0, -1, 0 //  七夜:4
30, 34, 0, 2,  0, 0 //  ●リーズバイフェ:34（シナリオ予約）
32, 44, 0, 4,  0, 1 //  ●魔王シオン:44（シナリオ予約）
                  
9                 
00, 01, 0, 0,  0, 0 //  ●シオン:1（シナリオ予約）
10, 10, 0, 0, -1, 0 //  ネロ:10
13, 04, 0, 0, -1, 0 //  赤主秋葉:4
12, 39, 0, 0,  0, 0 //  ●暴走アルクェイド:39（シナリオ予約）
06, 05, 0, 0, -1, 0 //  琥珀:5
02, 17, 0, 0, -1, 0 //  シエル:17
14, 28, 0, 0, -1, 0 //  メカヒスイ:28
30, 34, 0, 2,  0, 0 //  ●リーズバイフェ:34（シナリオ予約）
32, 44, 0, 4,  0, 1 //  ●魔王シオン:44（シナリオ予約）
                  
9                 
00, 01, 0, 0,  0, 0 //  ●シオン:1（シナリオ予約）
03, 08, 0, 0, -1, 0 //  秋葉:8
02, 17, 0, 0, -1, 0 //  シエル:17
12, 39, 0, 0,  0, 0 //  ●暴走アルクェイド:39（シナリオ予約）
31, 42, 0, 0, -1, 0 //  ロア:42　
15, 04, 0, 0, -1, 0 //  七夜:4
05, 38, 0, 0, -1, 0 //  翡翠:38
30, 34, 0, 2,  0, 0 //  ●リーズバイフェ:34（シナリオ予約）
32, 44, 0, 4,  0, 1 //  ●魔王シオン:44（シナリオ予約）
                  
9                 
00, 01, 0, 0,  0, 0 //  ●シオン:1（シナリオ予約）
15, 42, 0, 0, -1, 0 //  七夜:42
14, 38, 0, 0, -1, 0 //  メカヒスイ:38
12, 39, 0, 0,  0, 0 //  ●暴走アルクェイド:39（シナリオ予約）
18, 28, 0, 0, -1, 0 //  レン:28
13, 04, 0, 0, -1, 0 //  赤主秋葉:4
10, 08, 0, 0, -1, 0 //  ネロ:8
30, 34, 0, 2,  0, 0 //  ●リーズバイフェ:34（シナリオ予約）
32, 44, 0, 4,  0, 1 //  ●魔王シオン:44（シナリオ予約）
                  
9                 
00, 01, 0, 0,  0, 0 //  ●シオン:1（シナリオ予約）
29, 08, 0, 0, -1, 0 //  制服秋葉:8
02, 17, 0, 0, -1, 0 //  シエル:17
12, 39, 0, 0,  0, 0 //  ●暴走アルクェイド:39（シナリオ予約）
31, 42, 0, 0, -1, 0 //  ロア:42　
15, 04, 0, 0, -1, 0 //  七夜:4
05, 38, 0, 0, -1, 0 //  翡翠:38
30, 34, 0, 2,  0, 0 //  ●リーズバイフェ:34（シナリオ予約）
32, 44, 0, 4,  0, 1 //  ●魔王シオン:44（シナリオ予約）

9 // ステージ数
00, 01, 0, 0,  0, 0 //  ●シオン:1（シナリオ予約）
02, 42, 0, 0, -1, 0 //  シエル:42
10, 08, 0, 0, -1, 0 //  ネロ:8
12, 39, 0, 0,  0, 0 //  ●暴走アルクェイド:39（シナリオ予約）
03, 38, 0, 0, -1, 0 //  秋葉:38
15, 04, 0, 0, -1, 0 //  七夜:4
35, 28, 0, 0, -1, 0 //  琥珀＆メカ:28
30, 34, 0, 2,  0, 0 //  ●リーズバイフェ:34（シナリオ予約）
32, 44, 0, 4,  0, 1 //  ●魔王シオン:44（シナリオ予約）

ED  
