//-------------------------------------
// ●固定キャラ
// １面　都古
// ４面　シエル
// ８面　リーズバイフェ
// ９面　魔王シオン
//-------------------------------------
// 出現禁止キャラ：アルクェイド
// 巡回タイプ：夜の三咲町

7 // テーブル数

9 // ステージ数
// キャラ番号､BG番号､ゲージ無限､予備､スクリプト有無、カメラ移動有無
08, 08, 0, 0, -1, 0 //  ●都古:8（シナリオ予約）
10, 10, 0, 0, -1, 0 //  ネロ:10
11, 35, 0, 0, -1, 0 //  Ｖシオン:35
02, 36, 0, 0,  0, 0 //  ●シエル:36（シナリオ予約）
31, 40, 0, 0, -1, 0 //  ロア:40　
03, 05, 0, 0, -1, 0 //  秋葉:5
23, 45, 0, 0, -1, 0 //  白レン:45
30, 34, 0, 0,  0, 0 //  ●リーズバイフェ:34（シナリオ予約）
32, 43, 0, 4,  0, 1 //  ●魔王シオン:44（シナリオ予約）
                  
9                 
08, 08, 0, 0, -1, 0 //  ●都古:8（シナリオ予約）
22, 38, 0, 0, -1, 0 //  青子:38
00, 37, 0, 0, -1, 0 //  シオン:37
02, 36, 0, 0,  0, 0 //  ●シエル:36（シナリオ予約）
28, 41, 0, 0, -1, 0 //  軋間:41
14, 17, 0, 0, -1, 0 //  メカヒスイ:17
07, 28, 0, 0, -1, 0 //  志貴:28
30, 34, 0, 0,  0, 0 //  ●リーズバイフェ:34（シナリオ予約）
32, 43, 0, 4,  0, 1 //  ●魔王シオン:44（シナリオ予約）
                  
9                 
08, 08, 0, 0, -1, 0 //  ●都古:8（シナリオ予約）
18, 17, 0, 0, -1, 0 //  レン:17
15, 28, 0, 0, -1, 0 //  七夜:28
02, 36, 0, 0,  0, 0 //  ●シエル:36（シナリオ予約）
10, 10, 0, 0, -1, 0 //  ネロ:10
09, 35, 0, 0, -1, 0 //  ワラキア:35
22, 42, 0, 0, -1, 0 //  青子:42
30, 34, 0, 0,  0, 0 //  ●リーズバイフェ:34（シナリオ予約）
32, 43, 0, 4,  0, 1 //  ●魔王シオン:44（シナリオ予約）
                  
9                 
08, 08, 0, 0, -1, 0 //  ●都古:8（シナリオ予約）
13, 39, 0, 0, -1, 0 //  赤主秋葉:39
31, 42, 0, 0, -1, 0 //  ロア:42　
02, 36, 0, 0,  0, 0 //  ●シエル:36（シナリオ予約）
15, 10, 0, 0, -1, 0 //  七夜:10
17, 17, 0, 0, -1, 0 //  さつき:17
28, 41, 0, 0, -1, 0 //  軋間:41
30, 34, 0, 0,  0, 0 //  ●リーズバイフェ:34（シナリオ予約）
32, 43, 0, 4,  0, 1 //  ●魔王シオン:44（シナリオ予約）
                  
9                 
08, 08, 0, 0, -1, 0 //  ●都古:8（シナリオ予約）
17, 10, 0, 0, -1, 0 //  さつき:10
04, 28, 0, 0, -1, 0 //  翡翠＆琥珀:28
02, 36, 0, 0,  0, 0 //  ●シエル:36（シナリオ予約）
09, 35, 0, 0, -1, 0 //  ワラキア:35
22, 42, 0, 0, -1, 0 //  青子:42
07, 41, 0, 0, -1, 0 //  志貴:41
30, 34, 0, 0,  0, 0 //  ●リーズバイフェ:34（シナリオ予約）
32, 43, 0, 4,  0, 1 //  ●魔王シオン:44（シナリオ予約）
                  
9                 
08, 08, 0, 0, -1, 0 //  ●都古:8（シナリオ予約）
10, 10, 0, 0, -1, 0 //  ネロ:10
11, 35, 0, 0, -1, 0 //  Ｖシオン:35
02, 36, 0, 0,  0, 0 //  ●シエル:36（シナリオ予約）
31, 40, 0, 0, -1, 0 //  ロア:40　
29, 05, 0, 0, -1, 0 //  制服秋葉:5
23, 45, 0, 0, -1, 0 //  白レン:45
30, 34, 0, 0,  0, 0 //  ●リーズバイフェ:34（シナリオ予約）
32, 43, 0, 4,  0, 1 //  ●魔王シオン:44（シナリオ予約）

9                 
08, 08, 0, 0, -1, 0 //  ●都古:8（シナリオ予約）
29, 39, 0, 0, -1, 0 //  制服秋葉:39
31, 42, 0, 0, -1, 0 //  ロア:42　
02, 36, 0, 0,  0, 0 //  ●シエル:36（シナリオ予約）
33, 10, 0, 0, -1, 0 //  式:10
17, 17, 0, 0, -1, 0 //  さつき:17
28, 41, 0, 0, -1, 0 //  軋間:41
30, 34, 0, 0,  0, 0 //  ●リーズバイフェ:34（シナリオ予約）
32, 43, 0, 4,  0, 1 //  ●魔王シオン:44（シナリオ予約）

ED  
